1642
4876
6090
10389
490
730
7982
604
6907
3717
11419
5061
10128
1472
8248
5920
381
3597
2377
7141
11826
8480
7584
11205
3333
5521
2285
9970
3757
509
1457
6151
9642
7258
9104
5557
4771
6293
7109
1836
5063
5962
3951
8706
2357
1023
1097
6723
7447
9630
3064
1173
6921
11181
11837
422
3768
1451
1706
9300
7365
4137
849
9817
6792
2338
8184
9874
11153
4249
10633
4746
1226
5806
5574
4583
9017
7708
2746
6737
7362
4754
3626
4090
1192
9099
4938
11823
9364
5485
11468
10841
11150
955
9235
11600
1576
11351
7429
925
2427
9624
8415
2410
1577
5091
2531
777
801
11305
2061
7358
7680
733
1475
2857
6453
5552
7946
6004
3037
171
10133
4437
5837
11816
9497
8736
8046
4494
1756
6701
3683
8327
5547
4321
1254
11199
5963
380
6288
6555
9575
9534
7351
3700
4136
2582
6193
1263
8547
5289
5943
4666
3435
5755
1605
452
2216
3198
11678
10970
9888
1268
621
11546
2737
2658
8838
11798
9472
10675
6058
10598
5132
3781
778
9770
11708
821
770
1979
10007
6242
1831
6637
6322
7616
9595
6756
1987
5116
9565
7087
3861
2407
10366
8325
5556
8449
7565
1402
1352
3
11861
11262
9759
648
4060
1491
1091
8633
8620
7978
4651
628
5743
2521
8108
10040
4531
6298
2768
5456
2285
5410
2015
9241
11705
1756
634
1778
9088
8034
11879
3327
11570
5911
5221
6522
9011
1796
10273
1719
9202
7886
8930
10385
1940
3376
11263
2134
11600
9435
2737
9165
2931
5606
8387
639
1027
3699
6597
4105
897
8959
5983
1852
5672
4325
5667
5647
6642
6673
6971
3010
11033
5212
4290
5167
3226
1577
3886
6831
3638
7354
9835
871
11571
5872
8643
205
10016
3005
8665
11002
6421
423
4054
6734
11544
4252
9082
10299
11836
2157
276
11343
1092
10024
7757
11073
11974
2614
5822
7927
10442
1709
7298
8114
1937
2771
6182
10039
4115
2736
3292
1818
2081
2702
815
7913
8553
4400
6609
5298
1143
1932
1232
3346
4856
5446
680
8411
9018
5387
3634
10913
624
839
1849
2882
8370
8227
2541
10736
6049
4766
912
2108
9831
5607
4686
8448
4477
10228
4715
10440
8454
2658
5844
4478
4409
11658
1303
7250
604
9500
1230
226
11243
4283
2614
5515
10392
5877
9854
620
7629
5501
4283
7348
10669
3558
5816
7976
7448
7294
6763
1266
45
8612
7363
11272
7753
840
3613
6584
9550
9854
982
3470
2336
11775
1147
3618
8616
5404
6908
1697
9211
8863
4927
4598
6101
9568
5648
11316
11583
1504
7798
7747
4208
6182
11233
3204
6223
11956
4255
3523
1654
3077
3087
4408
7218
10981
2893
3450
1671
5517
8427
10593
3089
3801
5280
1910
101
11624
218
11609
7061
10704
240
11310
9299
251
2034
9766
1901
3201
1602
2565
9366
8772
3547
1749
8390
3138
9647
3623
4119
2331
10192
1281
11824
6015
8836
11336
7967
5746
9819
7787
4607
5632
11868
6729
7674
10327
11899
4929
6791
2053
10183
3252
1876
3439
4033
9529
11455
746
6855
2109
2462
3802
8557
1268
11582
5957
685
3681
8265
7443
4150
93
11713
6917
1184
8456
10985
8559
8575
11049
2946
6034
1749
1315
9298
2618
5538
343
2402
10193
8503
1424
3998
8383
3465
8143
7103
2591
4768
9203
8837
8191
7599
5476
1022
9683
2462
4061
8772
9846
6018
8276
9858
10622
2511
2439
3862
9114
1924
7588
6546
8683
2020
11124
6141
9501
7365
2182
2263
5889
9761
6196
4025
5608
2250
3028
8346
4542
5019
7421
7471
6784
3465
1524
938
6331
11480
3986
4131
10275
5258
11379
6132
10572
6898
7902
4221
1673
8359
10732
1928
2975
9780
11255
1480
900
9964
8352
8602
6906
282
2877
9198
11170
4791
5885
11263
7294
2997
11226
4348
11464
10680
10650
7595
11880
11076
6977
11876
1142
4178
11350
7513
2412
8668
10032
9013
2215
8887
6333
3970
2330
2017
8208
709
9519
816
6789
1572
9147
234
9169
6119
10941
7891
10219
4892
211
11168
2864
11925
9208
266
3544
5708
6846
6750
9555
10214
4452
7154
11423
9269
7828
8114
7402
4600
3964
4728
5182
7773
5222
5594
7021
839
9526
637
11226
6730
8384
8808
11202
6643
11620
4947
2565
325
11207
222
2677
5630
9935
9246
11386
2136
2971
5074
3647
4459
11292
1748
5692
9296
6515
5963
1185
11072
10377
828
5820
8218
5829
8833
3944
8772
5357
3506
11570
265
8317
8896
2568
7777
5405
6145
801
4078
9442
11813
9539
8130
6883
3431
1941
1758
5974
7455
9825
2902
6247
10164
5573
3824
3796
7823
4919
10507
1832
1002
9363
2940
3826
103
8386
5363
1
5310
9192
9852
7198
9454
4682
5057
7142
1749
2587
2029
11843
7355
4098
2636
2054
9576
6377
3343
8931
4597
7107
3691
10888
6944
5435
7585
1499
5433
10646
2040
8272
9977
1157
1829
132
6099
11209
4557
8249
4163
6882
6657
10861
6146
5174
7912
5145
8540
8603
6587
11716
6360
1921
2346
11458
4342
7903
7452
11948
3384
1880
11315
2397
2647
9353
10350
9766
1686
2931
5224
8686
5171
7199
3742
11114
1562
6291
10317
1109
6900
10095
857
108
7388
11620
4875
8905
6034
3666
4818
8409
7561
3356
5642
5692
11291
10315
698
6681
668
4411
3639
5275
395
3174
7366
8012
2949
1643
4415
2125
3156
9595
7117
11215
8549
3968
9426
1361
10327
6410
3815
11862
1967
1431
6240
6722
10345
8413
8654
9265
10185
1431
1599
980
2415
5419
4992
11945
840
6900
11586
725
1377
1009
3546
5217
1591
2729
4931
2415
8970
7065
11262
4951
1712
6907
10649
10818
1125
5940
5614
10082
3808
2555
11010
11276
9857
2145
8238
2579
6599
7265
5210
9858
3166
6342
517
1110
2037
8755
2241
11606
1038
6227
5084
9488
4590
11326
7705
8561
10676
996
285
32
11623
10553
11781
10295
2951
2877
6740
3071
8806
6215
7371
1672
9552
5229
10929
1858
2020
8211
5650
6330
11495
8333
8484
5460
302
10131
9892
11074
5689
4544
3359
9662
10688
230
3725
5770
4901
5555
695
10337
3944
10264
5369
8825
11097
4443
2211
11608
7368
7387
857
10032
9785
1435
9243
4089
84
1134
1599
11465
2968
1277
11353
11090
11727
9751
8988
7864
7389
4726
7067
8877
11250
10986
936
6635
7359
9988
6974
430
4869
769
154
5676
9929
6385
8772
5809
1859
6787
2860
6011
6390
1999
10831
4366
6554
10367
4024
6453
1781
8891
4003
7959
7624
8591
10557
2226
6437
6107
39
8054
2847
9816
2041
7040
11706
5730
3108
7121
6849
9286
1712
8203
1686
1001
11684
8936
6180
9650
2915
8534
7504
3637
1043
6355
5518
6653
9306
11457
4816
2069
4705
1030
1913
10164
2426
2
5104
10147
6142
1070
11600
5131
11919
3950
3964
3776
6908
4114
7440
6180
355
1839
9202
5113
3056
5845
9255
7079
3332
7084
4483
4678
4209
4048
3736
489
6370
6342
5743
9159
6551
474
7349
10631
1773
11159
3180
8775
9788
1601
6179
9033
4571
2579
3648
347
11390
10864
10905
4481
319
4584
3266
10562
6907
8681
8224
7435
9171
4127
10620
8931
3314
7146
5620
4045
7566
4602
5035
7635
1000
5258
8480
2614
3310
4694
2013
4719
7328
4570
7174
8320
10127
9800
6929
5372
3457
9477
3189
5263
11186
7681
7418
587
9172
6674
4112
785
6967
5516
892
1912
7811
7263
6221
3453
6370
1228
9549
1000
9115
9157
7507
6902
4121
10721
3541
9576
5386
9464
11258
10504
3043
3073
2253
8179
3137
1318
8462
5607
5642
2240
9827
2282
4978
6005
8556
1652
8826
3914
8276
123
7538
838
2851
2233
2431
9318
7601
11164
8824
2998
84
6633
8234
9298
4634
2606
5884
8825
5938
451
2380
9483
5221
7900
7384
9887
3842
5934
10681
420
2135
5051
9642
4722
11388
1884
9798
2571
5737
2474
8911
3571
5095
10568
2571
4873
3684
6001
6793
7937
2784
217
9346
10144
3845
4579
11546
2515
83
7935
11589
10732
5497
1789
3014
10459
10816
9363
7347
2853
10625
2758
5396
6947
5783
2712
6795
4825
3215
1359
2573
881
6780
3710
1294
7539
7367
1714
5339
3556
8867
3163
5153
4985
7326
9141
2795
4982
8308
6450
9992
8199
254
2406
2059
9497
4648
11534
10860
3094
6783
8637
10700
11260
10281
9349
2870
9593
10703
5086
9056
7685
11125
5303
10065
4764
1515
8790
540
8471
11484
7437
843
11589
4931
2651
11799
7755
3325
1692
11379
5333
3353
1743
9513
9048
3180
11810
9916
6246
3970
6171
5037
3692
9327
6373
10840
11979
5571
469
3230
11057
123
6873
62
7060
6932
1660
1565
9387
1371
11992
741
169
1760
3288
10889
9911
9993
2377
10406
6252
7043
11805
2404
6827
5011
1883
2428
11450
9610
3462
597
5946
5719
2376
839
936
11894
571
3520
9871
10470
2645
6212
5703
1560
11053
2383
5294
1924
10574
9142
10369
2070
7063
7660
1560
10533
300
544
5755
164
4956
10596
11845
2226
6256
4520
6132
2380
7085
9349
6345
9058
11654
598
10338
1734
3042
6080
6481
1056
6565
9842
6169
5183
10717
8615
6981
1323
812
10472
3813
1110
11436
2735
8293
7729
9380
4391
6636
6714
11718
3631
11406
9074
7106
8285
11438
8589
3306
8671
5524
8355
11075
8764
10055
2275
10629
6073
4263
7527
1295
2168
5705
2019
11978
9307
4656
823
9016
10726
708
1284
5017
1987
11250
1019
1274
3454
6208
6001
122
7537
10987
9423
6778
9242
7743
9509
5825
615
8658
5343
2089
7604
189
7727
6826
8236
1176
9802
11168
11787
2257
8943
8027
8420
4585
193
7107
10014
11563
10262
6118
1465
2666
2793
9216
10703
886
10602
870
3477
7418
5972
111
11936
8565
6047
5759
3365
6771
5612
2288
441
11527
11454
11360
11671
11303
8296
306
7104
10468
4673
7809
668
10181
1492
232
5182
7199
8948
10567
3590
3091
2509
5587
10336
7108
9398
1373
7658
51
5378
3133
6963
7129
7221
7643
2399
4864
1748
2585
4935
318
3925
10144
3677
10319
7030
7174
10445
1934
2409
4953
3199
7089
11373
779
6520
4926
6456
4282
11008
8141
11472
5530
8991
1627
3417
8097
1505
9607
5128
2190
3833
2030
11286
5047
8353
1182
5713
10030
1887
9432
588
7568
10339
8743
2391
4970
10701
1784
5033
5224
3435
5557
8313
6811
128
8002
9741
9541
11872
9554
41
6532
4312
4230
11337
729
11
260
9034
4565
1399
5777
1474
5535
8823
523
10256
6980
7841
1125
4014
11803
10414
3583
10019
10100
8762
2593
2581
956
10177
11892
283
6191
3786
861
10449
8539
11072
3671
7333
3501
2203
3308
11278
7643
11454
2735
2620
8877
3673
3289
2890
1192
782
10527
9776
857
1297
11756
11157
7642
2248
8416
1602
8580
11826
11876
3058
7985
11364
2025
8101
652
6862
7293
340
2456
7804
3209
11806
6394
3257
4521
3169
5347
11118
11304
4069
10686
9480
3704
5010
7635
11192
2027
1
7317
3348
3250
10736
1998
4058
3695
3823
5445
7860
1272
6712
3017
10039
11883
2684
6429
8357
11816
440
5952
1523
10256
2278
343
10501
10648
11823
2906
10837
9162
3934
11384
9299
7832
816
11911
614
9533
7144
4044
6545
5746
9919
2179
2833
10250
10872
10188
4898
3563
1137
10578
7296
457
3126
11769
7179
10945
2704
1636
4069
3407
9147
8224
3381
2572
9109
10544
7246
5927
1809
1109
3209
10239
3564
7098
2638
2298
10743
5178
5234
1317
6674
5294
1882
3337
4506
5911
7038
4134
4282
9508
3401
5167
3421
10977
8509
6721
7363
7836
851
3201
5425
4725
9664
2353
131
1313
11507
6543
1181
8603
730
6891
1791
584
5957
2658
6262
4165
6658
1627
2959
4079
9991
2750
2087
2607
10607
972
1630
2592
9307
9759
5963
5150
11418
3967
9800
3629
7907
10141
3245
1379
927
10000
2746
7731
3428
7401
6478
4183
7259
5941
8213
3225
67
8208
9663
2974
9551
5120
7371
4527
4042
6037
5506
2278
11643
10298
160
6578
9283
4568
2060
4262
7363
6280
681
1924
9339
8659
4486
2721
973
2632
11120
8661
480
5656
11559
6690
10497
1010
2765
5727
6019
6326
11515
7136
11687
8120
8878
5347
6775
4915
9918
2233
4108
5736
5392
8878
3631
6130
11489
9208
11996
1478
5218
5080
10051
8588
10852
6160
6953
596
10409
10402
10379
3224
2618
7392
2434
8365
9974
11093
5922
2148
7591
9230
2940
10275
4049
9479
3044
635
5444
2574
11020
2853
5649
6230
10383
126
10426
11035
10827
10813
1217
1708
10469
9133
10274
442
912
8235
2589
5787
1288
286
6155
2331
5017
7789
11154
4640
2749
7169
499
6233
8066
6265
3585
10851
6697
2756
5580
2167
4331
9087
11419
2162
6422
6506
8728
3554
11989
7593
166
10986
6958
2068
7501
147
10469
9787
7318
3728
4606
11738
4562
428
256
213
3284
2738
9204
9456
7423
6904
10861
6254
10106
1224
3713
8548
609
2412
373
2488
2485
9174
9304
5787
4179
8906
1670
5345
5633
9065
556
7673
4613
27
8683
7277
80
9239
725
8312
11799
11826
3029
4350
2467
130
9675
1133
11038
4493
4405
8974
8238
9395
1033
11304
11327
5461
11838
9073
9336
4128
7691
9970
6383
6042
3751
4630
760
10472
8976
11470
4984
5305
967
1572
3929
4371
8344
8250
11638
7896
5335
895
4086
2516
8806
2637
1365
2566
9907
1058
9182
1352
7646
8984
469
2237
88
3555
6768
1559
10856
10631
6342
6786
9191
3284
11392
6704
4907
4767
3980
6881
1920
3582
624
2542
9778
7871
6651
7795
2024
9157
7639
6807
842
8736
11419
6521
11331
7913
9789
1944
2817
8887
6564
6719
11033
5728
11612
10284
10728
11312
11395
2876
7444
607
0
500
9714
7858
3827
5774
1184
9168
7623
9534
11986
1407
4068
10720
11082
11963
5218
2081
9120
11922
1816
2630
5281
11199
11378
5980
5492
10720
128
8413
9944
9846
10795
3676
10729
4122
1090
301
4929
6870
7219
9172
3963
5959
7670
9736
9266
4909
7427
3300
5224
4492
4996
3370
6148
3554
10244
5684
4051
1061
9543
7128
270
472
4787
823
6492
7914
4908
9891
686
7116
5182
4715
10152
8013
7987
5540
5120
6676
1380
3189
5311
4856
2540
1023
10276
3551
3193
1575
7560
1874
8731
1986
1820
7865
6751
10972
3278
8120
7893
1444
715
9509
10668
1432
6782
6565
1056
2792
534
3459
11114
4266
8806
4972
5174
4185
2598
522
1714
6794
10967
4634
7714
10030
7172
10380
3664
11613
5316
5015
1888
4293
9403
182
8322
814
2656
3235
6209
5417
5434
4174
1144
5205
11523
4155
5380
4301
10767
10453
469
11121
11621
8434
4798
10896
4972
4741
1420
11887
11873
10522
11507
11288
8868
4050
7363
8674
563
251
11353
569
3630
4426
11570
554
7802
1208
8699
4430
6433
11831
7557
5008
4342
10127
10292
8796
7606
9177
7542
581
7914
6327
6768
5939
9609
3629
499
3336
7706
257
11278
8846
5656
6443
8925
1822
78
4152
8095
495
1569
8577
10822
2970
4429
10499
9800
4838
10664
123
7154
6292
34
11072
8059
8457
9006
924
5782
4915
6042
4264
802
10714
6650
7236
4604
3877
8644
2288
6388
6950
1172
5001
7069
2275
4911
10563
6685
8354
7876
7487
6852
10864
9262
1290
7738
8206
3223
5875
5937
9048
2007
10022
2362
9779
2298
8841
9395
947
6591
1746
4350
7398
7708
11139
4012
3105
10431
10467
5176
3045
3504
10074
10417
5356
434
10249
47
7894
6120
10820
6631
9355
2260
10989
9977
2604
9338
5614
3943
5115
9540
10675
3680
9635
1599
673
11386
10950
7842
10871
11581
5761
9966
1568
8764
10110
10897
7121
8735
5685
10053
2693
7388
6463
11285
3155
6469
4922
9664
9832
9658
5714
8310
8487
11295
2706
10847
2330
5832
3078
10619
3891
9328
5996
9380
1027
3401
10391
11440
6646
6286
2944
3794
7818
3221
5897
11136
10794
5056
1679
7695
1067
6866
4972
6970
2050
8735
7077
11650
11839
6364
11703
5391
6731
4341
9305
4821
5241
9533
11790
434
4300
10848
9897
3635
3973
6197
6045
438
6791
4687
2176
1802
1386
1043
6556
11475
9815
8643
18
1098
7366
1145
1099
8289
8306
7887
9436
900
5942
11483
8373
11259
8199
3129
5990
7148
10829
8064
9230
5309
8606
9622
2466
4087
2681
11103
6967
5094
1244
2257
8908
11325
6115
9539
7542
11766
8318
1539
4393
4183
9581
2247
1056
6704
9082
8988
5802
1057
1747
5530
11569
3769
323
8985
9416
3481
6765
8860
1584
5719
4516
9483
7399
5630
11561
8894
10734
4178
4961
181
3317
9745
1618
1830
2853
7477
8571
942
8009
10358
3853
1544
3226
653
2826
7867
6278
10388
11833
397
3804
2664
9314
4822
695
5456
5036
7183
10149
10424
3441
11721
2834
7222
8314
1594
4694
2157
7388
3475
151
4272
6063
2861
7100
8254
7111
8513
3216
6187
5809
10966
7535
9600
6124
5877
1904
2649
545
4025
175
6988
9824
9443
1526
1578
8440
9865
4711
6557
6675
2798
2793
6481
10188
11629
11436
5935
7726
5647
5690
4612
4170
3228
1245
10721
1300
3822
1991
5148
6619
3681
5474
8051
8643
6822
436
1136
1441
9783
8686
11112
5970
2533
6065
11390
8600
5837
7582
8773
7698
4585
7449
1762
4663
4994
4089
9296
7375
8451
1967
3836
1998
10313
4528
3409
8782
983
768
7982
10216
7110
9245
9555
174
2426
10917
6907
8968
7311
8133
11395
3593
3730
544
585
3085
10796
408
8624
2417
3673
10811
8607
6479
2871
6605
10633
3573
4506
334
4199
705
892
9992
6689
9179
3698
1560
11117
10607
5529
2934
2382
1349
1615
5378
221
11359
7903
7821
7141
7566
9460
449
9096
2514
3406
9838
11167
10828
7987
2707
7199
10337
10524
2629
1911
10829
9072
1438
6902
1441
9199
4517
7401
252
3972
11893
9698
9985
7326
2061
1812
9754
5880
7156
1819
8809
1843
11431
2425
263
6949
9953
3354
3739
267
1702
889
5016
2490
6411
2683
6099
9427
2821
2777
9088
8405
2188
380
5832
6221
460
3553
8585
7720
6857
1980
7146
10889
10508
5464
729
6805
4430
124
6852
3116
8351
1226
1232
5042
7443
641
6745
1131
1579
1090
5382
10630
60
7695
9128
1872
5693
11535
527
5769
11666
5199
6377
2452
1680
9027
8024
6759
10157
1321
6063
931
6981
6990
7017
5053
7339
6698
2917
9915
10922
5447
10114
1018
3255
11039
6387
10124
9014
3747
2208
9279
9861
3448
9401
8792
9256
2203
503
927
1714
7333
5744
1460
1036
4874
214
11327
5574
10812
942
10949
951
4844
10216
8822
11475
720
767
4100
10440
3616
3951
2734
10964
8795
10030
11290
4871
11943
10441
4289
8145
8725
4700
3619
7944
4866
10125
4540
5751
6201
11749
10735
3878
6198
9964
2590
9794
4134
7424
11260
2090
5835
5490
1337
2037
2524
10013
3485
7651
3656
35
11152
8606
6203
2182
6133
7756
8665
2816
1559
340
3591
3680
4284
8779
521
11682
7318
10426
8518
873
1912
6222
4359
8731
2086
10491
415
9817
9733
717
5125
9850
5617
10317
316
4355
9965
10829
4147
3461
1333
11216
744
2770
1648
6681
10600
7101
2978
4014
2450
5838
4893
2664
1017
6591
6391
7866
4936
4055
6006
11900
3520
4256
8680
9683
5052
1030
3760
4734
8278
5166
282
6176
8066
11056
5392
5797
4344
4275
9765
6322
5359
8452
4462
5550
2309
4050
8529
2023
2299
11722
7733
2658
11357
266
153
10403
9983
2851
7649
6805
4419
3664
8906
9622
2328
7085
3071
6498
8572
7606
9444
10235
2945
2814
3312
11410
3502
7401
567
6996
3484
4838
837
5204
9697
4524
7111
5937
554
2159
8324
11076
96
8031
2377
6984
11981
5150
10881
5733
2361
8028
5059
11611
3661
8977
197
4840
6456
886
9487
8919
10479
2848
6282
6085
2031
2170
10328
4497
10559
3837
7517
4159
3857
1135
7866
9064
9191
6838
10202
10594
1650
9239
6374
1512
9589
1104
2035
7750
10280
10477
11355
4067
11321
2955
9705
7722
6828
6567
1710
10263
7587
4546
7280
4699
121
7412
4450
2604
4041
10953
8719
7213
7756
6204
4048
7925
2142
9999
6749
8638
3234
8228
8992
2988
11868
7387
11845
2647
1596
6665
4781
9367
11483
7345
9858
7276
1245
610
7397
4295
8278
8940
7843
569
10218
10303
3302
3990
11213
3459
1160
68
10761
7150
6466
6150
29
7301
5474
7456
11362
9811
7931
6342
10825
8703
8694
9189
2624
4268
2087
10894
7124
5138
5082
8571
3537
3445
11020
3711
4676
2399
11862
11214
9953
11167
8004
741
3904
11037
2532
8408
3267
5848
2234
9911
5842
5726
10993
10172
11495
8168
1963
4435
4966
11248
4697
8806
8484
11183
10342
8644
8169
10807
1741
5422
1071
6986
8684
2398
490
9238
7888
2388
2146
4077
6160
5374
2523
2597
7989
4610
5590
4104
3766
12
7472
3161
1187
4047
6728
5988
7992
9722
7454
64
2641
1208
567
581
6716
10787
3005
8324
9769
10567
6243
1735
1086
8687
3622
2629
72
2126
1136
7394
6092
2539
5942
10465
6364
7242
8832
6087
8389
9811
8009
6030
6500
11330
1628
9122
441
7306
10078
7899
1524
7782
5675
3448
10411
1246
10521
7668
3853
7474
601
5352
10993
5382
5724
9501
1960
3018
3121
1644
2610
4357
1420
9428
10412
10109
1283
6806
1990
4614
146
5553
6995
2501
8894
6805
6874
4255
7863
4518
7497
3747
5302
10095
4201
8784
7110
11904
7116
2340
5791
2758
2723
7107
11725
6662
492
10720
3855
149
1065
10539
4059
1719
3116
9911
10623
1138
7950
10503
9507
8110
5055
788
1290
5131
983
6749
10520
3647
811
8716
5645
4427
7324
10625
3022
1560
3209
1661
10149
2451
9252
2157
10431
5123
7042
7953
5907
9699
2636
8776
3971
8416
243
7482
9755
4400
1088
3970
6294
5805
5769
629
4799
7341
11744
1427
789
4031
5989
4137
5224
2916
11420
2369
4960
8616
8985
2471
7390
8476
7352
7576
4953
5521
6633
6089
5162
7922
8616
3665
1476
1694
4011
7988
7994
6817
9812
9069
357
9295
5638
11928
3549
2588
4693
761
10500
10779
7830
2252
9890
8048
7958
8874
4875
11956
6694
7156
2749
10597
5459
1472
9318
6919
1876
1501
7298
1564
6044
4452
3329
11899
7568
5917
10855
10351
11571
1323
2030
5103
6428
6837
7974
3957
10761
6578
9148
606
1837
9072
4568
93
7652
7425
608
4028
10344
3491
1530
5520
4924
9611
1039
7735
10597
8173
5259
9041
2745
6218
8033
7160
9103
2678
7404
3294
5398
2820
9104
8353
8610
5009
5118
11406
129
5866
886
1359
7179
5627
11079
7538
10616
2005
1938
10712
2219
3163
3085
3029
9708
746
5955
10891
2484
6306
6648
3806
8129
4117
10602
6004
1545
1802
596
395
268
622
3724
982
6018
8569
6028
6838
7283
3128
398
5905
11077
9341
2064
8401
2704
2847
5814
7931
1358
7502
9679
1930
6766
1111
2352
10761
10023
11408
9725
2346
3370
10818
4838
5765
11632
1936
494
9007
4210
7848
7078
3830
2264
4100
7832
8823
8233
4381
7680
9117
4097
8174
4949
2391
480
7264
4965
10516
1919
8759
10686
3965
8926
9016
11433
9999
9785
3029
8048
11667
6457
5239
8000
6140
10182
1575
8394
7197
378
4121
7172
4804
1457
9237
3181
6967
9725
11235
8557
9641
6326
8306
4314
11129
10350
11174
1207
5512
11618
5148
11927
11733
556
8506
7071
1494
5877
4280
10346
8053
11561
2405
4006
3589
2947
8504
3227
3423
2791
3732
6604
9405
10702
4982
1878
3698
6204
5502
2005
4869
973
5848
10214
2696
7982
3814
10023
3801
1577
2764
11067
11028
1944
4567
11625
9138
8922
9034
6500
10883
8835
8423
11526
836
2157
3479
2901
10556
11597
5270
2887
8761
6848
1982
994
5858
2245
9486
8508
11928
9348
3702
4801
8846
10731
10722
10579
2722
250
10977
7116
1143
1780
10129
991
11504
11158
6184
956
427
8484
865
4562
4952
8191
11009
110
6165
8115
4710
2658
2247
10028
9291
3393
6263
4360
11514
10983
7143
2887
2927
3094
7023
7744
7780
187
8760
8910
2270
686
3379
967
2611
3928
3895
11116
5463
7375
7766
7292
1090
8285
8539
4612
3199
11167
7523
7633
7987
8617
21
8006
11240
903
3934
9801
11606
10814
2285
2679
6125
336
6120
10904
2625
5759
9
7181
8850
5033
3353
3622
11926
9361
7080
2864
5350
9150
4294
3404
3170
4221
8352
10106
1697
2946
11322
10996
8730
4748
1701
7031
5544
11622
1726
11580
7997
3081
5987
6662
6598
3487
6034
627
7991
2434
9440
10037
3731
10275
10483
6843
3321
1127
11837
8680
8878
9228
1205
6565
4292
5129
5492
9010
548
10163
11176
4279
1853
3739
9592
2297
9608
7413
7701
7657
7511
10676
9177
11510
922
2513
6816
4962
2542
1867
5247
11378
9187
6184
6821
6399
10856
3065
3084
11818
10548
6907
9788
9965
11380
5210
8413
8044
972
8304
7702
4938
1228
9867
3175
3895
9649
3213
63
9671
3508
1101
2619
9918
9939
3931
1308
264
762
8352
5092
4325
2734
9539
6156
10465
10902
7464
293
2882
1062
4340
7881
9242
8841
3308
9821
11357
9866
9146
6854
1484
6751
8241
6020
6191
1747
11976
10031
11714
526
11682
3405
5542
5508
3919
10478
10168
1463
907
900
11391
4841
11044
3810
5983
4770
7257
9711
5802
8409
573
9191
10774
3235
9211
2607
10410
8374
6164
6707
8658
5593
4644
10973
11634
906
2690
3956
10870
8747
11430
11663
3624
138
2213
3796
2747
5643
9527
10610
1476
10772
7962
8919
2857
4661
7311
9551
7218
8721
9506
7866
1787
10318
10376
3208
7307
11605
2401
11475
10431
7974
1596
9561
4800
3548
8922
7733
8563
9464
4490
1401
7535
4013
4020
11178
137
5767
9233
2200
427
7448
823
10073
7779
4417
2259
129
10679
3961
367
5951
11287
7485
11763
8695
1707
5428
9735
663
4011
862
9367
7353
11373
3577
3791
10452
6681
9775
1222
10111
2777
1375
6807
5123
10476
646
2313
3548
1818
9994
3697
2764
4417
5667
11214
764
7405
10150
8306
3600
6119
3183
7968
6149
10884
4651
1008
11849
798
8064
10512
3127
6209
7353
9189
8462
2843
4241
6223
1582
5814
5051
11594
7758
11874
4908
176
1212
8395
6630
2396
6002
1994
2209
3850
10161
5463
10488
5915
5565
9212
11342
1268
1813
6917
2491
2853
5005
2548
534
4775
8906
945
4065
2879
11321
7358
6188
5727
748
200
8359
7596
3858
3001
711
10458
7730
11595
11860
531
4100
4663
1165
1558
3340
11980
7032
8124
8755
5723
5386
3094
5284
1134
9135
5139
6496
5465
8823
10590
8767
10952
2525
6339
4132
2264
6037
658
8571
4003
8178
10556
8305
8275
1425
603
432
2295
7237
10574
2070
6483
4960
8545
8305
4081
10522
1803
1657
3222
5665
10161
3210
8336
4286
4904
2108
5067
4544
5048
9601
9507
3399
10011
8314
4403
11598
11397
6710
10156
11030
8894
11304
6145
11628
170
5924
1823
2742
3786
22
4186
7103
10204
7264
2051
6364
8317
8046
11638
10586
1294
7702
7151
6886
10996
1521
7324
3481
6329
7089
8782
1886
177
4575
4553
1794
8695
10866
4475
8886
6357
8333
10569
515
9826
1557
3525
10860
166
1197
11420
7417
4474
689
8556
11877
4522
6988
6034
293
8284
342
1889
2194
6538
8141
1935
6550
5834
1646
5705
11344
4688
1072
5479
10179
11593
9790
10682
6497
8680
3375
2434
2863
3166
612
668
11734
8482
2653
10777
9958
6384
11896
8170
10150
10574
9607
10038
9084
6505
7692
4814
10741
11806
9140
1656
8978
10580
9262
295
11856
7239
7879
9772
6226
3712
323
9446
5805
6207
2617
10164
2992
3227
7851
5099
11885
4864
8097
11332
8329
119
8385
1229
3292
6755
7373
11839
2564
6311
3194
1167
5453
10214
5032
10590
2773
4578
10978
4043
10943
3462
6772
9
5751
8511
10756
7659
9724
1829
6895
1243
9711
11831
1249
5386
2007
2692
1328
10113
270
2118
533
4438
9323
2185
6728
11771
8973
4426
6903
3825
10752
11322
9314
3578
1455
3586
1206
1195
4967
8352
7301
2464
2852
5935
4766
11785
666
8837
7150
6178
4578
565
1555
8353
7935
5653
10169
11496
10284
1691
9875
2235
6148
3840
10903
6507
6221
614
3542
6033
10209
11574
9174
4182
7899
1090
11535
11727
6715
6473
1310
5766
5238
2520
11657
5683
7901
2606
9680
5481
9671
5624
11596
9485
6814
4539
5703
5954
10404
657
5015
8576
3487
3562
7416
7491
2920
6515
11557
2815
2444
8692
5523
10576
4989
884
1290
8208
6776
7639
10177
10178
4211
11687
981
9164
3619
7216
8421
8641
2471
8261
5773
1916
10069
11873
414
7721
4639
11208
118
7069
162
3948
8129
11302
2987
2667
1739
2908
7717
7989
11424
8183
11715
747
3651
9306
10406
9699
6119
10797
428
3208
4653
233
1142
5918
2555
9901
2709
10820
6741
6413
4112
5234
11131
8874
5620
7266
1983
6972
1464
6411
10529
7659
4267
2152
4233
5630
4157
3671
11424
42
7303
11453
3915
4588
8727
10406
9412
4786
2492
5675
3895
1108
2155
9900
6871
5152
1356
3901
7515
4755
5828
2974
8760
1731
8255
9089
11451
5337
11097
4400
6979
11164
4170
6887
9785
5672
9484
11645
5454
4126
4682
11040
207
7797
10663
3678
8359
11598
6407
7136
6481
5797
862
6289
2008
2723
5427
6172
3214
10033
497
1939
11781
11847
5258
10060
7469
9602
7464
11622
4203
10387
8722
425
5650
9332
6231
4875
64
9750
2426
6031
728
11959
7994
10473
10167
3535
92
6716
6357
11913
11927
228
3099
8174
9404
7471
795
796
1504
2725
3504
10070
3176
7593
531
5142
3792
1016
11542
7678
8536
8559
9441
9611
1323
489
7560
10698
8397
8837
4869
8709
7264
11558
10391
6902
2995
5716
1622
4828
872
1983
6065
10891
11328
6660
1286
10206
10598
8233
4574
10120
5172
1410
10659
487
11942
5110
638
7386
6585
59
9937
6857
10879
9757
3054
5507
11747
3614
1298
2245
1427
11256
3106
5846
7950
8798
1248
10928
7660
8993
4202
248
7076
5421
3951
9935
5822
1427
2862
11393
8150
7810
5774
9178
6313
4271
10516
4184
1376
1075
3044
604
8630
2003
2455
2330
11655
7259
8212
3024
10711
3396
4462
2068
11740
6869
11323
4645
969
8869
6477
964
4663
10654
5038
3131
7506
3069
508
443
8862
1814
6399
10052
9061
10581
4227
7773
8542
11935
2871
8195
1562
8695
1536
190
11246
3420
2362
975
8600
11471
3245
9702
7633
3059
10728
1713
6510
10701
1340
3886
498
235
7063
4545
1491
11073
9308
4097
6599
1774
6748
7628
43
6141
2419
603
975
1864
3233
11089
5378
10006
4899
7085
5910
677
141
5502
3632
11875
7399
9942
9934
1334
10913
3671
11413
11932
1876
10698
3637
11916
1463
7119
5627
3707
7131
7407
5108
4123
8867
2157
9177
9310
2083
2779
10716
1496
5204
4648
6540
2882
6896
7895
1960
411
1649
10923
10878
1801
10977
6718
3743
11613
2333
8433
7649
7669
2795
8894
176
2939
2773
809
6258
4874
7361
437
3157
3984
4494
6130
5560
7503
9197
4692
3219
6398
5913
8352
10627
7629
2485
767
6550
10406
7649
6389
10255
5230
10329
10891
119
1834
970
11208
2465
11231
4592
9054
7127
3698
2001
9185
870
8750
4496
115
9827
1347
4048
3546
1048
5483
5061
6194
7983
1673
8760
7615
4890
11659
7799
10267
5149
8750
9078
3918
1337
7008
38
4764
3285
640
5456
4600
5547
10849
4623
3478
4524
4238
775
11229
3665
1544
8613
9563
10527
5611
5365
7955
6230
6703
7002
178
2006
7017
4590
6400
9551
4017
8054
6289
6179
11903
9280
6523
7674
1903
3484
10178
962
707
10356
1422
7457
4616
10634
2782
9305
8176
9964
10966
10934
7870
8470
1236
9783
7649
11237
2401
2102
10423
6867
258
4342
5427
9108
10734
1128
1594
11564
11994
7290
7815
138
1744
4413
7886
4805
2815
11697
9693
10578
8587
7503
11102
3455
5829
7378
3801
7247
2165
3395
10998
5779
3475
4224
10561
11393
10486
10025
8870
4787
772
5574
9308
11518
7463
4856
10782
8429
7265
8411
8244
6970
2902
6708
5488
9641
4136
3933
884
9697
6240
6666
5585
1608
2920
10871
6795
10362
11510
7472
9624
7781
4450
3356
2279
9539
11448
7655
1725
7413
9545
2795
7322
1977
9500
1722
794
8776
11522
2539
2520
4751
9863
5790
8173
8807
6244
1614
8022
627
6834
2706
5396
790
11641
9967
6444
10478
9510
2078
751
3249
9211
437
6260
10210
11200
8821
9376
2384
8215
9520
4008
5644
8237
3060
7821
2116
4588
5913
3303
3041
1582
11939
5725
2297
11149
7699
7279
6194
4245
3248
8663
9684
7066
3342
3268
9162
11974
1785
4550
6805
10955
512
1288
4204
3574
5472
8086
8051
1060
10220
5984
3383
5359
8406
6231
2820
4385
7965
6837
9059
10026
659
11129
8436
364
6761
4207
10755
4178
633
302
8906
11745
11535
4955
4227
4903
10038
7468
9768
9424
6395
7686
5930
6136
2848
11527
4170
10618
3487
5952
8694
7783
4856
1882
1059
7603
249
10778
100
10569
3946
1919
4421
9406
10738
583
5222
4931
2313
5778
1463
10804
5978
2878
7981
7725
468
1489
11902
285
5839
11541
6238
8242
502
8990
4695
10484
2420
10567
11998
7854
2815
2779
10712
6694
668
7279
9769
7566
1485
4812
2260
1651
6718
5482
6324
9587
1512
8024
6517
11372
7231
11289
9136
6703
1119
9288
2082
8754
7470
8988
1960
6213
9197
10182
7224
3869
10273
3127
6303
9548
2904
8127
115
10674
474
3728
8660
5741
9614
6721
548
2923
7909
8718
1087
9920
10567
4349
1689
3507
4921
3771
6355
10355
8840
10053
1082
3015
6485
4291
10812
8738
11996
1710
1319
2677
2914
915
3904
7199
2586
3343
8413
9504
9780
2362
10528
11019
1156
5088
5520
2297
9962
10186
4981
4890
10851
5148
3056
1735
3660
11703
7733
4275
10926
9982
11078
4416
1418
6070
269
2317
3809
4743
11797
10541
2945
1663
37
6483
2120
11318
3739
4617
6070
8332
4289
1600
659
9422
3407
5730
1530
6231
5501
9987
7809
7411
9218
8310
2406
5343
7406
11612
11223
7436
4032
4983
10942
9219
389
3548
2151
9346
6510
2823
8688
10692
3724
2313
10444
1919
4555
7804
10899
615
10024
8151
5258
6384
2032
4284
6410
3985
3031
4975
464
483
4594
4130
2177
4456
1649
1547
9239
10409
7004
471
6252
4472
2377
1431
129
10100
7383
10105
1388
9291
5515
6834
669
10234
10660
2647
8459
6383
1021
3338
1599
10735
10718
1073
11836
5172
8095
11299
7498
11150
8443
4124
7102
3595
6285
10320
10791
6225
1097
92
1496
1223
9945
11480
7117
9812
11730
5800
2780
2079
5523
4274
1177
6389
2778
2314
11045
4170
6883
7528
3188
10102
4541
1499
2202
9024
6507
11927
5810
3417
7636
8202
9899
1791
5863
205
6127
3330
174
10166
8240
8420
8302
4170
9298
11257
5369
2799
11567
11277
11952
127
10795
1989
10936
9784
10101
8157
7255
1841
1718
5009
8235
7367
10361
7575
6888
9910
5399
9290
11020
10947
5629
5922
4801
7734
2109
5342
10510
7269
11630
8579
858
7051
11809
5790
2718
9015
641
3589
7526
2657
2566
6748
6788
3639
5046
1492
8048
9046
6872
9837
1824
7796
1559
8252
2976
7738
8495
11432
5967
9136
2231
6799
1302
2768
7818
389
11301
10556
7860
5436
2763
1355
8342
8287
1105
6430
3926
9528
3668
11793
4935
4402
7134
7693
4208
920
4256
3259
6555
3996
8622
4371
11868
4660
4599
1970
11708
10463
9151
9578
2689
9606
8506
11411
10780
5885
8391
10207
11054
7592
7335
5004
4023
6106
6426
7186
7101
7897
3028
11452
1686
4798
32
7763
10227
2456
10129
4502
11401
7472
8929
10534
4252
8103
8072
1086
9929
8507
6395
6527
2225
11848
7774
4681
6366
6572
7591
9959
3667
11043
1681
8769
3732
1169
8921
52
10159
478
1561
6719
5125
6075
4127
10036
9561
10339
7625
5743
8948
6908
4639
1506
6451
6813
10092
2862
8526
1386
8730
7887
11589
5242
42
1583
10344
1945
11853
7674
11683
5770
6754
5009
9221
1412
941
6136
5100
1886
3280
9642
5647
5637
5576
460
11880
11401
1286
4159
571
7960
10664
10127
3015
1634
1780
7208
1640
11004
8720
3273
2406
11040
7905
6448
3357
6161
10942
11605
1514
8124
6545
467
10607
6969
11818
11745
580
4626
2175
702
1914
2171
11875
2155
7245
1727
513
3378
709
9979
9942
3748
2889
4131
3497
7969
8161
8227
5448
8560
7238
11681
6144
8975
648
8701
8696
5060
9659
1594
7947
2865
1663
1270
10048
11782
7051
789
520
593
11318
124
2963
8144
2209
473
5903
4551
36
11616
9278
4845
11123
177
530
9729
5453
4341
2440
6842
9250
1510
10207
5564
7646
4174
8979
6310
7125
11528
5850
11272
2029
5699
4443
3889
9059
8325
550
4039
9915
4300
1971
6704
2119
11056
1371
9901
4243
5284
11437
9287
939
1627
9966
2561
298
359
4912
9933
8032
9052
3822
11194
831
3091
5281
4875
4674
5355
7682
10979
9433
9259
1821
10269
9238
5666
3598
1624
7502
10670
6522
3759
4364
4251
2732
3078
7576
8388
6475
11008
4063
3413
2325
9870
1823
6289
11579
130
1425
4719
6872
2977
3284
5695
10286
3927
8818
6539
5503
3237
11921
6296
4133
7125
10488
5356
9614
3566
1787
7273
9336
9091
7654
9079
3621
11173
5698
4673
4539
7385
422
10709
5403
10180
9566
4015
6171
3971
10192
751
9154
1496
11569
8614
3296
7070
4451
9776
4264
11197
9225
6524
939
6777
3465
11399
6897
6341
11708
9509
8310
1589
8885
5665
1535
8337
3147
2269
312
1253
10053
2002
2028
8437
8993
8955
5248
11502
2753
7533
10444
7352
10291
4446
8535
8263
1020
10343
5550
881
5056
11716
5120
7610
4528
6808
7289
6059
10320
11661
3417
3585
292
9369
10033
4033
1366
5564
3961
3177
5415
11334
5073
11170
3376
5717
6130
465
1491
10428
1935
6765
2019
672
2830
9292
5965
7868
6685
10230
1633
3044
11730
3258
4769
3718
2212
7263
4324
76
4575
10066
8711
6494
1416
159
1458
9093
10830
507
5859
5674
8361
3614
3673
4061
1650
9294
6814
4754
4574
5974
4145
2245
1847
11381
11792
9854
10841
9683
9215
8048
8166
9295
4535
10395
7655
4979
1166
6385
704
11657
10974
9206
623
10567
10517
6656
5984
10821
5945
606
10576
2544
3030
1205
10044
8150
8933
3974
8261
11298
7322
9227
3938
7522
6090
9408
3938
9411
5975
286
9341
94
6074
11906
3189
7148
6764
10829
1806
1173
6257
1348
295
582
1537
4888
11829
8641
8852
8256
8283
4334
6794
10338
9991
2896
11508
5009
3051
850
9858
8751
9783
9184
9066
4052
9744
2225
946
11303
9839
7202
3002
873
8600
2367
1961
1297
2485
7482
6994
3953
9039
11678
5730
8792
1513
1692
4745
7601
2873
9156
7203
4585
4835
945
7266
5774
7859
11611
2650
6802
4759
8944
1704
1903
8887
1660
960
10436
6642
1636
5458
9374
7926
499
8439
11378
8251
1580
4158
9286
10077
5566
4110
9231
9781
10069
7095
6261
7379
237
10393
5011
4441
674
11152
8827
2039
3491
1883
2743
6846
4292
5799
1769
9763
5843
8797
10707
2707
6626
2949
11987
11757
7011
5846
3526
8193
8914
2331
7438
8451
1196
3395
8302
7211
2269
9156
3634
5388
2711
6861
10443
3758
11230
4135
952
107
11521
5832
8512
6307
8227
6356
10524
11229
2039
4623
1138
5210
11978
2980
731
5751
7354
4843
2310
8447
5509
11866
1814
1130
2012
11083
8518
2743
9814
4582
10573
8481
1793
7947
6941
9953
9427
7646
7749
8223
2366
5647
1782
9430
5346
7044
11266
3300
11613
7878
11040
1066
11518
10661
9836
2502
1079
4713
1292
3627
2224
54
2542
5114
2583
1594
8589
4543
1749
1911
6514
9386
9565
4776
182
10984
222
8561
3846
11101
4312
7303
11519
7008
4203
11897
1529
4596
2954
7706
1440
6143
6031
7052
6525
7944
1960
1067
756
4466
1295
9267
11111
6095
9623
3406
1879
11747
11298
7134
2122
10039
9520
2020
7112
8245
5297
2122
10623
7047
11676
9907
5351
5479
888
9213
8224
7970
3799
1328
4567
5294
10179
5606
6248
5540
6512
10615
3709
2332
5681
8543
4980
10117
4359
6830
254
3037
1524
8013
3268
6419
4398
872
9124
1750
8207
9212
9562
11674
584
6654
2426
1863
534
7109
4089
8989
8813
1685
3371
4264
9265
1097
1030
5307
2147
11324
2438
11820
3128
6964
811
6829
9862
620
8924
2050
7191
7421
4590
10148
5280
3272
3040
1265
7724
9026
10238
2029
8753
6492
10373
10937
11396
5998
5158
6574
2344
9536
3268
6454
10177
4053
1975
7656
9223
1524
2099
10654
9622
5268
1538
4244
11874
11331
5262
3039
3304
2323
8731
4232
9600
6754
10545
3652
11118
11684
2935
11729
8664
10927
1466
10415
4690
10467
3534
4920
405
7476
1228
509
6990
1013
3993
4063
5458
8515
7719
8871
9199
7307
8564
9027
9470
2649
9200
11485
4661
190
29
1945
473
1085
6959
8330
2672
5490
9906
5394
4820
6783
10827
4533
2628
4565
3991
472
11445
2875
11503
9020
2917
5822
5453
6641
10192
10421
1064
9048
10715
5008
4539
8153
6574
7613
8197
1757
671
4662
10313
11305
2185
5290
3221
9592
1596
5894
7999
9076
9389
5184
6188
2129
7150
11840
1610
6662
5881
7724
5437
9865
8390
11790
3511
1861
11931
4580
6912
2426
10467
4899
5206
9682
3959
10857
6349
4187
1209
10142
695
11046
7360
4390
1471
955
5358
1798
752
9911
7517
5456
9042
11747
11415
2796
8244
9042
3845
5797
6117
7959
6303
10030
10140
736
2275
10319
4408
9171
33
5136
226
4163
8082
8480
4751
1583
1512
258
3233
5687
2401
7701
3436
6140
7381
7935
9430
2547
7055
11125
5176
9286
11417
7049
3745
1959
5615
10033
1594
11570
7158
3376
7844
10718
453
7971
4093
9151
6753
8042
11010
923
7495
11697
7375
6054
7107
6969
8161
4541
5949
9256
10236
4892
2163
7978
7368
6556
9281
11011
8086
1453
7485
7602
9505
3979
9791
3395
10416
2016
2205
4497
9431
3414
8949
6709
2685
7735
9508
6672
10393
4163
9588
10354
566
10413
9682
9956
1877
6163
7420
6360
7025
5784
3513
1066
4189
6463
10019
3059
9066
3942
4480
9291
4389
1309
7503
10840
7581
4449
3197
9367
11170
154
8055
5990
6953
1997
1753
6123
10028
11326
10085
837
11726
10726
11728
8557
1596
10765
11414
1512
1679
6501
3214
9772
5582
2563
1943
11436
9105
9177
3570
6082
2304
3060
10218
8696
5177
1840
1358
11444
6449
7091
7263
4349
7538
1645
11620
9902
8098
906
8187
10870
9316
4433
938
1128
11512
2524
819
3430
6205
6260
5926
8966
5463
8520
5297
1534
620
74
8723
9425
4488
11878
6766
11221
10752
10496
11642
8928
9939
233
11606
2960
9164
7933
6521
10356
3045
8669
11367
4698
4422
11108
895
11957
8011
10247
9361
6794
3811
5774
1261
6616
5973
1578
10262
353
8637
3858
3926
6073
467
4894
10027
10571
2284
2367
703
1858
123
3353
10101
10171
8240
7006
11775
2020
11424
11624
1389
6481
4421
6674
4863
9403
9244
10003
3516
6197
6636
10233
283
5037
6726
11646
2463
9626
10344
6665
11551
11432
3516
6404
6051
9438
8830
5846
11723
7336
3994
2524
10633
998
1715
11400
623
1296
8929
6678
1251
7684
4690
11399
5327
3918
6192
8156
340
4594
2211
3633
6015
4121
3950
9747
5876
3094
4756
8895
1543
3700
9053
7801
1417
6430
628
70
11615
9450
9864
1446
1039
5507
6962
2449
10868
11921
5942
7885
11056
7047
4002
7753
9985
7401
4403
922
9164
8120
8535
3631
8982
476
10894
6418
6290
11789
1834
3646
1460
4381
7701
10424
3812
3109
10097
107
143
4299
2778
9700
7703
11693
1704
4198
8458
5293
3889
5451
3376
6936
395
11289
10750
11572
6319
2364
4743
3334
7545
8709
11890
7870
5196
9119
2343
8032
2290
7977
7907
3471
10849
5589
11884
7447
6425
11229
5022
503
6762
10940
611
11850
1651
10256
5793
11505
2021
6794
4397
10270
8966
4751
4797
10399
10001
8783
11995
7557
9018
7711
470
10129
5167
5589
1779
2906
9275
4608
2624
3037
3748
7777
11561
2945
9172
5482
8131
6245
6996
1137
454
1865
9940
11120
3992
3958
7784
2749
11556
2475
8749
2753
778
9701
3209
4567
336
11337
399
1060
22
9649
3202
7213
4806
9938
2513
185
1770
4454
9601
3076
5624
11354
2248
4028
745
10038
11093
9884
7879
1732
2958
1539
10852
6335
4177
2576
7783
314
10012
2332
6914
5065
11495
7700
5183
11728
4847
5586
6809
6439
4014
7607
3846
10694
8518
8135
2322
275
1309
1441
11303
3909
2369
6681
680
4115
6348
1651
7325
10494
9571
2654
649
11928
1881
9899
10199
9200
10801
9769
7763
2908
6624
5567
597
5377
5489
2789
1367
2881
5282
6911
5352
289
2667
4310
5050
1686
319
10293
8917
6124
6123
797
782
8979
1179
6053
9522
70
5852
434
11069
3449
11356
9935
9703
9630
2413
2025
2878
3604
6473
10090
2991
10637
4208
5296
8733
7163
6444
9929
8820
4086
4918
5644
9335
4556
8593
6391
1813
2405
7923
5377
8922
2098
5860
1852
2978
11570
5824
10985
10825
705
1014
11095
3966
10685
19
5081
4182
5045
3833
2115
10172
8785
8136
7201
10662
4440
9759
10260
8035
9474
8187
5098
304
9339
2878
7577
11658
4017
11659
1847
10269
6234
8270
8121
1659
11620
8857
5990
2057
4122
10120
7832
8403
6416
8230
2510
7840
11852
11753
8624
8352
689
6776
8897
5857
7785
6828
8698
1825
1390
4468
3369
4062
149
1491
6085
1130
5527
325
6156
26
2078
5503
10235
3773
5768
11027
11721
5033
7547
8498
2592
8912
8102
5581
4505
2322
10991
11796
6228
7885
862
4447
8049
208
8261
4747
78
10797
7050
1627
3613
10988
6387
8608
11488
11580
8525
6868
3652
6596
10425
2784
727
8216
7828
4190
7688
11399
1121
5336
6170
2609
6516
2959
3492
2294
3838
3352
168
138
5488
10977
1966
2981
7918
6865
6588
3862
1043
11725
3860
9815
9530
4918
2026
7259
11727
9744
11136
10756
11411
2974
161
2994
6950
8361
1398
694
3284
11040
8424
11364
415
4760
7571
5799
10468
4469
7394
6862
5517
2369
6669
11204
1266
4344
1804
6077
10125
871
11799
10765
8057
6633
10172
9043
1766
80
155
4594
9115
6405
10113
5951
11240
9703
5343
8246
2056
7439
3399
7528
11087
7636
5123
11024
4246
4010
6898
7715
3264
5414
4575
3493
903
2236
10399
8952
10088
8521
4359
10575
5480
6317
1480
1728
11490
1264
10088
1624
5454
5925
4126
6249
11631
1259
7722
3486
1464
2288
7054
5776
6268
9073
9261
1553
11090
5117
10623
9573
4801
6168
526
1072
1102
5434
10864
586
7839
10679
9985
559
11178
5114
3452
8852
8543
5514
7190
3284
3406
10479
9655
6216
10839
2189
5269
373
5261
10127
1231
2686
9861
6047
3843
3258
7585
5042
9933
5569
2579
11649
10653
11713
10896
11761
7892
7789
9395
11604
1690
9812
2123
905
8734
8367
3395
4254
3723
7732
10731
2966
1476
2088
2984
11973
764
5938
5845
6808
10260
6826
10483
2609
10546
11248
2229
1904
7994
2808
5345
2158
10764
5955
9891
5315
7097
7498
10548
6343
7555
3092
3810
6453
6801
6950
4349
4620
7820
8506
1086
8687
1304
9640
6387
2060
1042
3584
6091
11130
10883
6234
5819
5051
8894
5029
1899
11873
5564
3196
2304
1037
10513
5111
5190
8722
11882
10237
9849
8440
8262
3094
7312
2813
4206
9087
4839
9366
6226
7735
7784
11571
8482
6198
2549
512
6982
10174
3157
2567
11418
9865
8953
5779
2409
8962
6377
816
7908
5743
239
2766
9535
1612
32
11173
2633
2195
8322
370
6535
695
8735
11327
5131
10129
1125
384
10134
11665
6742
5914
2343
8118
1459
10686
6206
3256
8608
691
6866
5602
9428
9042
7852
10430
4960
5738
9918
10953
8153
8836
5155
6181
11876
9090
3123
8077
7997
6432
8323
2211
1667
9852
3800
7333
11651
9425
9830
5695
1152
7679
3369
5946
7836
11655
1247
1265
7398
5810
4416
11172
11360
11889
7227
9125
11787
6719
2446
9584
2417
8451
4289
8632
10319
2866
2944
5340
1085
1489
1811
9273
1276
4056
10780
1849
9723
4434
1869
7593
9253
3328
1859
10920
3402
93
7331
2811
10600
5500
4687
6397
4663
5070
548
10228
8238
5185
339
4223
6773
2370
11067
4747
2184
7778
640
7973
10052
4502
5322
3722
8017
6104
6172
4794
5356
7883
8014
5418
7248
1756
6794
11545
9537
3653
9888
602
10868
8683
4806
1232
11582
6407
10512
11417
2040
1153
392
8481
1324
1559
4777
5751
9758
798
222
3996
9050
1120
3538
6264
10710
3555
2515
1318
7683
9707
4489
1808
4886
10965
11469
9717
8205
1316
2695
4519
3776
10905
9352
177
8774
1243
10144
1429
2529
1334
9853
10740
3847
4863
1730
743
845
8662
3711
2794
306
4580
6418
4184
9798
11812
7642
4338
3094
7742
7028
7640
11636
1358
11573
9050
6119
9187
5410
5544
11084
4708
1390
1382
5608
1453
1521
2267
395
4983
1922
3081
6050
9013
9105
11351
11994
7450
6755
10985
9964
4952
2795
6225
9449
2308
2114
8383
2147
11062
5986
6676
5429
6828
11237
7764
6832
11277
8597
314
7396
3563
10511
1637
4455
4386
3129
4176
11429
11069
4572
5600
5860
503
9184
5974
8338
5183
1859
5796
8205
11893
5526
1372
8911
11154
10132
1892
11572
1732
6368
2758
4170
10422
4730
6084
52
10414
3453
5673
5690
10447
11448
10618
657
8287
4615
6571
4163
8835
10573
1870
11354
2887
848
4390
494
11610
11153
1625
6344
3221
11655
11620
8850
5532
10807
3433
446
9949
11218
6276
1648
7958
6539
10907
5256
3603
6739
659
4400
10101
10963
4031
5598
7662
11526
3060
6694
7464
1648
3352
3456
7461
4510
1912
8305
7809
4027
3641
8089
4116
621
4518
8248
2612
4394
5928
6269
4728
1978
8148
749
4215
7338
5565
4780
10798
1098
5963
6763
1312
2820
11108
5519
10008
633
10374
5594
11722
1722
2454
7224
1015
9056
10099
3591
2959
4680
4196
9860
9393
1839
2000
11534
2350
5861
3308
7321
396
5425
1134
9874
4326
7937
7009
9898
4496
9932
11665
11297
1081
7943
3174
3696
1001
1760
1390
9874
7786
10522
7155
3856
8707
6661
5580
7720
6430
7161
910
2265
1995
8431
8579
1678
6238
10076
3315
4580
52
7787
3615
4314
11283
3766
3949
10164
239
5601
8413
1420
6024
915
9113
4181
1393
2961
6315
8237
5644
10073
9513
9407
8752
3096
5612
1810
5901
2024
10399
3282
5574
5994
9106
3833
6492
5628
10445
11833
2828
4311
6594
3881
1295
4231
10939
5801
2880
9383
3155
8467
11418
5497
10337
5792
735
9152
6510
5940
10101
9946
4807
2440
8618
5117
431
2770
10681
5164
2060
10995
2501
10741
1281
1821
1986
10731
11004
8446
4947
956
7270
6733
8205
5038
10328
8400
3771
8122
4045
1352
10011
741
3474
10265
7622
10519
1817
730
2444
8154
5037
3733
10653
6449
9888
2172
3877
7346
1056
3337
1519
3010
6089
7247
1322
107
2548
2274
9417
10492
4620
480
6019
2461
8481
155
4123
3918
9942
7844
5435
5435
180
9333
2777
9598
2530
1018
4988
6417
10988
1149
2775
3054
9760
2477
3539
3109
5496
6475
6828
4217
7889
11409
658
4183
5754
8159
9167
11092
6856
2019
2920
7618
646
10660
11453
9487
3242
1420
9802
9627
67
8975
6704
7955
6926
2908
2606
7087
6120
6303
6696
772
10782
6192
4970
8934
6176
9052
11814
6878
5844
1421
11609
10724
6342
8313
2219
9626
765
2340
5365
7908
3177
10067
5565
3079
9657
10574
7997
4157
9289
9585
10850
10194
2968
9296
11216
8319
7927
8804
9123
11968
509
7766
2544
1268
2392
2694
5770
5553
127
5432
1920
3009
3522
5500
1667
8381
9443
3993
6950
5348
10365
10518
8158
4952
8610
7077
2313
4661
10436
1067
10251
5455
2921
3440
7027
11911
9985
2656
7964
10505
4851
2811
5199
7845
11635
4287
6886
104
465
9808
427
1335
6475
642
95
5512
2722
8771
2423
10972
2121
7015
6369
11901
506
10736
7844
3728
2692
6202
517
8054
4447
9505
7366
2885
2143
7984
1033
4958
7110
8999
9426
6123
52
9832
7434
151
3706
9694
5472
7721
7533
4234
10346
8734
1301
3723
5641
10819
8581
4585
7626
8364
869
3839
6665
8596
11306
3043
1008
7313
10408
9586
4862
5971
6846
2781
7778
5881
5551
10314
6214
5551
2737
9225
3305
7816
8542
1524
485
6005
3688
1153
5743
10239
8842
4967
9020
3462
5145
5547
11872
5942
1529
4358
8274
4675
6796
6324
9516
4194
1861
10236
5231
4803
9755
1303
8483
1806
11961
10015
4571
3449
3282
11253
343
6083
4465
3983
7523
3600
7855
8860
4349
6242
4798
10741
340
9744
7362
834
11436
4869
4831
6886
8125
4504
10190
2569
2075
4228
4425
5504
9297
5187
6950
9818
9959
10892
8608
5353
8098
6277
8944
4492
5066
3175
11067
8757
199
5869
4901
3291
1349
7192
1475
11454
9942
11235
3310
7763
11030
1629
5747
8235
3946
1064
6664
836
1090
3213
9529
4523
6941
5754
1824
4332
7116
9114
947
7001
10127
2351
4855
9715
8379
6990
83
2487
253
4982
1567
11944
11832
10735
315
11541
8746
5276
5372
10854
6732
1308
5473
7017
2137
5378
3364
2707
5702
1455
11116
6357
11023
7465
4927
2205
1907
6618
1588
8261
10645
872
5734
9469
3876
10636
3301
5392
7060
5841
6087
3189
4491
9643
11772
6293
5400
10226
1247
10739
11517
7961
2120
11965
4653
3023
11998
1710
528
1938
1514
8925
3588
5066
8902
3269
3134
7497
5749
11602
8782
5405
4812
11237
544
8464
2638
1348
3647
10013
4405
11809
7444
5646
8908
9637
812
6454
5818
6457
4023
5416
824
10129
9101
9363
7620
950
9227
7130
9774
7662
507
3540
6191
5417
8370
5341
11930
11531
6098
7479
4331
5937
2640
6785
8859
6402
9616
9553
3830
4339
3340
337
11715
1015
5748
10900
6242
6722
7855
11732
4757
8344
6431
6505
8405
758
2147
6983
2021
10396
2390
10933
8387
3478
9460
4709
891
9030
7293
1941
7478
10032
5234
3137
11599
8866
1084
10211
902
1213
11565
11657
10702
8420
7806
5328
7265
4704
6679
9602
8467
1133
8685
11210
5539
805
5189
10736
7470
7399
2391
11285
958
10532
2222
4620
11328
2822
1131
11795
8212
2172
3177
10893
10013
2662
11580
4990
6967
6138
5299
1314
6888
9617
444
9610
5135
9426
10022
276
7481
6648
322
5894
4723
6370
5891
2342
3482
6135
10948
217
10766
1523
8969
11926
10661
9907
1597
8518
4155
4057
8634
9211
6951
3036
4488
3786
7753
16
9724
7622
224
9837
1602
7131
8504
9951
2933
2243
7264
681
8235
5544
10554
11894
8142
10999
9771
5694
1925
5597
9362
5809
1009
3521
566
5667
5011
2365
10999
1556
555
26
10855
8090
2555
4552
8850
8974
7722
5207
8984
112
8740
309
8347
10328
5246
11716
723
3674
504
10326
11039
9557
412
10920
6583
3992
11362
7768
285
657
2038
8453
10257
1364
6417
10274
9827
2052
4067
630
11491
10561
6227
3347
8405
4174
11229
2448
4545
8541
5050
10309
11558
11386
6686
3747
2895
1329
9658
4814
5277
8701
1057
569
6819
2701
1608
11708
9297
5397
6471
1395
1096
8943
8828
4214
9165
7564
7086
9968
121
11835
11855
10079
3692
10035
5051
11080
4449
9665
4157
1172
11805
7177
3569
11114
11361
4635
9348
362
7999
8532
9143
4676
842
9262
6083
243
5830
4901
9206
11353
8574
806
10139
11255
8820
630
2200
1833
6771
7132
4593
3709
1536
4364
11978
1454
11247
7793
3849
11233
2098
8726
9690
6139
3852
10642
7660
8765
5412
8462
9305
5757
6581
11571
2723
3746
8674
3445
5145
5948
11527
1750
3737
6461
10186
9720
8143
1208
9648
3875
9852
7444
1357
7855
2098
9517
8211
9359
6043
10568
2859
5946
3001
1297
6210
4375
7881
11219
8698
7204
2273
5843
4418
451
440
969
5376
5986
8517
4475
8714
7429
10975
5592
5364
3282
9091
7694
387
601
4564
3689
8800
11678
11933
8969
9225
8325
3410
6078
6945
7064
6453
4195
2408
2136
11860
11636
9957
7709
6319
3085
3519
5644
471
8576
6091
2580
1202
6803
4896
7525
9275
9268
10502
11278
6375
1081
9677
4945
6114
10008
698
9349
11416
9856
3164
3303
9039
7699
7933
2047
7025
10560
404
4234
10792
10785
8151
4745
6978
9838
1325
8613
2165
9851
673
7869
10235
4149
4019
719
318
2613
4169
6047
2767
5630
9123
198
11791
6809
1612
6009
657
3210
556
5461
9911
6286
2331
8068
6840
7283
11375
4943
8100
8117
8662
11169
10910
2417
9983
2579
744
6087
10035
2169
3325
433
8481
9864
11639
9338
6647
11266
3024
1245
6573
9888
4454
4091
6939
10618
4664
10200
7722
4086
525
2515
6440
6347
4916
1248
853
1329
11365
228
9691
2984
11463
8237
6810
11137
4299
5355
5249
5868
10133
8430
5561
7455
8890
3357
315
6687
549
7376
6306
9102
8180
3915
1915
10482
1920
8088
2393
7646
11674
1824
2885
1183
3408
11525
9234
901
6222
1855
6702
3884
8834
11281
981
7462
5176
8839
6560
5830
11428
1295
571
7116
2334
2353
2100
2536
70
5643
8462
6733
7625
10734
8533
147
6077
7183
300
8744
2086
3019
6051
10421
8987
11514
9029
9513
10210
4878
1133
11172
5560
3816
9944
2146
6573
11831
9365
9410
556
8175
3161
3313
11544
11650
5616
88
3761
4413
5006
7711
7286
11426
1027
3036
11173
157
4940
10556
11998
11269
2854
4781
3461
913
5918
8710
518
4532
7556
9043
6515
4822
30
11040
5513
11953
4441
5825
6033
4869
9850
2621
1378
6296
2802
7701
8963
4782
4656
4404
3022
8032
11536
3828
8721
1340
11313
7434
10094
7769
5189
176
1889
10389
1
7662
1378
782
2452
3076
1408
11737
7413
373
1230
3746
11444
9395
11802
11712
755
3940
920
3828
1774
1710
10301
1438
6549
3684
3015
6012
10266
7405
9562
2112
645
7885
9061
7725
9350
9330
4451
4462
11074
765
4414
7603
7086
5963
3278
1577
7290
6752
11070
11028
11204
5711
4271
11979
7341
3367
7191
5297
10313
3709
10497
9771
8880
4242
8664
6851
4049
2178
3102
2424
1254
5865
662
6592
2851
3537
5058
3835
9352
9916
1542
5269
8566
6570
7947
4311
222
3528
96
11403
5781
7221
1819
10954
9316
10130
10877
7171
10011
6214
4756
3179
9446
8619
9562
9244
3383
280
7034
9132
5667
684
9491
10826
6217
8244
3829
8214
9964
9881
4840
2078
3490
11113
10123
2609
5958
11776
11418
98
7816
4466
11497
5083
2116
2840
5966
1307
4303
8053
667
2606
9901
11844
10024
7
4704
1920
10415
924
2939
11951
9073
5022
10869
3724
6550
9748
9657
8272
11186
7571
10234
3452
10787
2588
9348
8773
4694
3346
3502
988
8425
5398
9131
7929
171
4129
4959
1636
1632
9277
7087
5983
5889
2624
5745
2515
4032
7143
3267
8534
1032
1291
1719
758
11427
3458
8172
9573
6486
1780
3960
11040
5351
11224
10913
2333
11903
1099
779
9681
7146
205
4651
10396
11450
696
1178
8850
7596
2301
6086
8678
2370
4509
4386
2485
1103
9472
11102
3244
10418
3414
8625
5750
2266
3496
5842
6342
6375
3642
6471
8318
5521
7647
10100
11834
3426
8665
437
2716
2142
2124
10471
7861
10275
7037
4896
44
8843
7052
6431
8910
6158
1867
3294
10034
6629
218
740
7879
8169
7777
11479
3741
9914
2985
1294
11405
2396
6583
3589
870
1499
3206
3978
9813
5487
2112
756
10224
7162
2552
10195
11711
7630
5031
2498
9479
5965
9666
6489
4884
11688
9236
3711
8835
6248
829
11837
11754
2059
11015
8718
10212
9318
640
9074
28
1258
3769
1058
4725
11617
10298
2365
5331
7927
10783
3265
2026
5429
2548
11446
11586
9672
1896
3844
8643
9824
1521
6085
10787
6773
9500
3700
10345
7364
7406
3684
61
1688
6077
1230
5326
9795
11524
483
9855
10923
10183
832
9039
5346
10595
5151
1155
8109
6032
2089
6515
1574
5911
1097
5774
3645
8714
3772
10314
3865
7204
2949
9580
8316
8639
11389
2160
3365
11467
6215
4438
9551
7761
4705
10281
7831
3397
3127
8333
8667
7649
10418
6372
6397
5924
2670
4093
2791
6278
7657
3579
5160
6102
10870
10365
9148
5843
8242
559
970
6659
3246
6124
2312
9651
1610
5229
89
9548
6947
4659
11766
1038
7364
5421
10570
3276
11480
11526
502
7780
6911
7055
6102
344
11774
10180
5691
6734
241
7134
1719
1312
10556
4181
5496
7265
11615
7471
3499
4397
7719
3913
1282
10892
385
3456
4272
2211
10602
1084
3152
3798
3107
11451
9638
10142
704
9526
9021
7683
8158
4658
3280
7318
4212
357
9764
10350
7843
610
1970
6461
6375
515
9539
4110
592
10610
3668
4989
11146
1620
3320
11922
4471
5426
2685
4572
5983
7206
11398
7686
9982
10174
1272
10745
5371
4176
1265
6062
2073
7259
9490
2190
6087
6133
4061
10920
9490
4278
3641
9262
8666
1440
9586
11340
4961
4938
3166
805
6016
775
4890
11052
8404
8632
9395
1725
86
3211
11809
11542
4872
9773
3182
4949
8074
2195
5300
10767
2797
257
9955
3977
4767
7702
2434
663
4197
756
7950
6799
4839
9935
7326
1417
1924
1490
3430
10005
10502
3816
8410
8377
9009
7373
9322
582
4597
5074
9196
7734
7459
1063
1368
5988
5821
3752
4172
9031
9125
6823
4880
5260
4023
5138
2900
208
5139
9920
4213
599
2450
2365
10590
4460
1658
1231
6155
9525
396
8709
8713
625
10203
1627
5402
10833
407
2252
3668
11633
5959
4885
6057
10130
2742
11618
225
10677
10756
11927
131
11925
1244
3293
5043
2786
1286
3367
1909
6230
4851
5312
5135
11637
6582
658
9485
7174
7762
8949
4638
6376
7726
11155
9340
7283
9606
9940
3977
10733
91
6635
7540
517
7530
828
539
591
2969
11272
6891
4188
6350
2807
3298
9333
2618
11840
11158
1045
10707
10232
6030
4865
2207
4660
7918
5156
1836
2077
9392
1451
2588
8976
9518
10809
4510
9646
10076
3784
7704
7399
6097
10269
672
1406
1511
10566
9770
7992
6360
8819
8635
2631
2920
4527
9373
1966
98
4185
4555
4240
3194
5923
11468
4249
7474
5958
2748
11560
312
1824
8838
6967
9069
2763
2638
809
352
2587
6954
7663
3128
2452
1937
9751
9137
8454
4972
5234
10461
4518
6601
3713
1484
4138
10862
2139
7942
8928
8010
8316
1205
971
2855
10285
6720
3932
1660
4301
5458
11625
4959
89
6554
9100
11416
10909
1931
635
912
11959
3235
6303
680
6916
11464
11251
262
1897
7150
251
4426
6304
5046
11262
3871
5149
1201
8962
11022
6172
1538
1539
2732
1993
3041
303
7251
11788
8379
5249
3438
6735
11383
9080
11117
5933
4019
6131
11865
8280
5005
9227
3297
9255
5215
4685
11891
5051
3777
11186
7
9580
4018
2237
885
9588
4753
7185
3207
3512
7237
6060
9160
3759
157
5508
10876
11216
722
6813
6281
7356
1704
8388
11571
1093
10707
8491
9830
3354
11511
1248
2348
6192
10983
9932
1662
878
4783
9350
1079
2677
7117
9873
8773
7498
10938
11257
1944
5218
8615
4709
9277
5769
5378
11641
7364
1358
248
1356
5372
3503
11252
4640
1633
7100
7686
8451
6124
11050
6975
7425
4393
4855
120
5732
8134
5365
9906
3817
11111
6678
4856
9024
10742
4818
5792
1792
11639
9847
7473
2916
11226
8269
8319
7078
4682
4100
4049
2743
10498
7933
1412
7672
2687
7411
7784
8184
5521
8100
7816
5130
10507
7487
9479
2849
8698
940
8838
331
3506
4402
290
6376
8451
5257
2010
3654
9770
2717
2990
3675
10693
9243
2914
1405
1407
3675
5314
7585
9
11338
6369
782
969
2195
7898
4893
4364
9578
1079
4720
503
4053
367
3564
1371
6391
7337
9236
11399
9241
5247
3139
6679
8375
255
1190
6858
1605
4843
6932
3666
9820
8160
6538
1797
2694
6003
8647
1072
1121
11447
5473
6506
6355
9500
579
486
9194
305
8772
2275
9038
1866
8100
4446
2214
2620
10437
2759
9924
9893
9860
177
3022
9929
3570
7106
5418
6296
2836
842
8453
5931
3091
6737
4896
7052
5185
8393
2167
4341
3305
2307
2991
2833
4241
3005
4668
8800
1071
9625
4620
6070
2341
6088
1908
2562
9018
5637
5492
139
1303
5151
2217
11766
11962
8622
9136
5573
1626
8167
306
6746
8601
4330
2384
10298
2911
3673
6572
3020
4600
3043
4817
3296
5196
2622
9793
9804
6774
5618
5401
10578
10532
2418
7938
4382
10475
10470
1111
650
227
3812
4366
3236
4070
862
7109
9256
4609
6516
7083
6567
10420
3018
9000
7689
11244
7860
11401
4910
10426
10861
4588
6576
6960
5928
4964
7620
4087
2589
5642
9664
6320
11301
1216
1334
3717
2049
3363
2686
587
2612
620
7474
10711
6674
5315
7571
4218
8560
7330
10698
11482
4730
4417
3336
6158
7523
4098
10350
6389
7383
10235
10409
8180
8141
9692
1141
2218
4056
7836
4162
8530
3229
2469
9876
7157
8734
8824
9828
9481
6581
1982
612
10698
6044
6764
5472
11570
5033
7634
7424
1112
5432
10496
1098
6403
3648
8373
5188
10186
7591
4358
2551
1641
3761
3464
9423
129
10068
7994
4990
9101
9287
6929
481
9149
9337
5729
8123
7121
6525
549
2781
7060
7491
2988
9287
9010
4226
9440
1800
919
10514
6068
2784
6629
8950
11689
2599
9233
5654
6269
9127
6619
5034
1969
2212
8649
563
4405
7516
7615
644
4466
7722
10012
3997
6547
6532
11156
3000
11281
6820
3525
1884
6522
3779
9689
3791
669
6113
4312
8969
10645
9058
6630
9347
6192
2674
7200
11758
5338
7369
11118
7904
8171
7338
11654
9322
7401
10213
1277
11973
1179
4732
1642
3850
7980
4771
6681
11840
3160
3937
1577
6384
9078
8019
67
5813
8642
3087
5207
11152
1702
1893
7381
7704
8900
98
7236
9293
3683
9550
9026
9133
6515
6742
761
7680
1438
8804
5658
2158
5198
426
7737
10097
11733
11005
8293
2853
1916
11838
6722
11515
10284
2292
10693
2765
11379
1365
6507
2764
211
5380
2806
9621
1933
11763
11974
706
7973
6634
7344
3644
5522
9216
10301
2958
9764
2918
9729
7797
2770
5347
7093
3732
352
2106
1268
8004
8777
2888
7023
6441
4559
7529
6990
7007
188
7802
10212
1395
3699
3321
7501
6606
1240
8776
9639
7948
57
10033
1162
1419
8376
5635
10244
255
9750
10043
1173
9186
6141
2110
11781
10473
9034
10082
7677
1234
6389
11757
11849
1816
10878
6165
1255
1833
2998
326
10060
11791
10791
10274
1588
5547
1697
2306
11171
8608
8290
123
11837
939
9153
508
11583
4240
10648
1524
10008
5007
3435
5616
10663
3990
2041
3106
11762
11248
30
8413
6400
1915
9794
11517
6868
7479
866
6755
5606
11354
601
10846
11647
8321
11242
1157
10321
1601
7117
9249
2258
4508
5204
4968
4947
10574
7320
10116
129
1959
4837
2098
3030
2611
9598
581
11133
4309
9455
10795
2305
6354
5806
6376
9584
6346
4620
7102
2993
3297
4381
10958
7967
6203
5410
11544
5089
11335
9039
6687
520
8242
11742
11848
516
5020
7280
3072
547
9928
1915
3741
2503
3020
1716
8157
11779
4457
3066
11531
10386
9268
10045
3584
1780
3731
9385
5253
1349
2275
3155
6327
8380
6326
8606
2564
6557
9242
8426
1553
2875
1940
2971
1918
4590
11436
9857
10433
11276
2146
3241
10639
5800
2014
8319
7577
8260
4773
9534
10835
5299
6920
6422
3152
8784
8758
11833
8329
116
5105
11874
9052
1048
11614
7714
7089
648
8662
296
9496
9664
5050
4685
7950
5030
3171
665
1791
1251
3415
4181
10245
4863
9559
654
526
8152
6518
1346
2460
5247
5061
3051
5125
10191
9737
8005
11195
11979
4141
10014
1766
498
5715
6809
5677
1442
7942
3934
10068
3494
11436
1026
3424
6077
4631
1646
2997
4905
10714
4879
6688
9744
4089
2681
432
8051
7865
4984
959
6729
3222
8021
6319
10711
1908
3874
2000
4654
2637
7266
11134
5153
488
1176
10439
97
1131
8714
10153
9367
4135
3153
3770
4445
6546
9376
2337
2425
3474
7535
1378
10391
5909
1187
8952
6754
3582
3899
6106
9375
3354
7194
10784
1414
9456
2380
6366
1758
10806
2678
943
1556
3328
6623
8749
760
10740
6069
11965
2100
7449
3101
5096
7337
430
1883
7619
3080
5047
9913
3024
3273
241
440
10429
7116
7047
11057
842
5258
7261
7271
9225
3510
2666
1451
1886
502
3970
2218
3814
4792
11825
215
4531
9459
4740
11505
7669
9947
5090
2544
9621
6272
6552
5874
4891
6916
7089
9308
1999
439
10020
7695
3420
209
11975
6345
9297
3243
11298
11381
1409
7194
5278
7376
6602
7273
6845
10169
4786
6034
6051
3892
3118
3832
10449
10266
9597
2852
4722
5537
7184
8218
7855
36
11277
10328
7933
11343
6793
3371
9718
4905
11282
8717
11461
10941
2319
11167
1051
8519
11615
606
510
8632
4990
3429
10433
3910
7974
11552
1519
3699
7954
840
6721
11097
9918
287
2319
3791
11306
10570
5475
2874
8509
2054
8489
9010
6502
6536
5986
10767
10334
853
6456
625
1386
2651
108
7465
2012
1418
8555
5352
9496
10323
2015
7681
8404
1083
1442
6173
5049
2107
8205
9532
5415
2968
11406
9731
2260
474
11608
3846
85
9483
9236
2290
3765
5326
1974
1591
5602
6777
2538
5841
6791
11280
4141
435
8532
11231
536
655
9498
5844
7607
1955
6290
10775
4729
547
4989
7751
3615
734
3878
10067
10231
4784
9220
9969
1858
1701
7292
4798
5297
10949
9443
4627
9935
6048
2496
8608
9464
6294
9040
5640
10023
3907
8227
5944
908
1862
6788
2725
1213
3661
3063
8065
8067
5407
3962
10618
1205
11141
1453
1167
10787
8502
10190
7312
4457
381
10782
7121
5731
7689
8927
3946
4479
9297
7263
9326
5709
7650
4046
38
4276
7366
682
10538
11038
7347
8732
3867
1748
557
5819
2752
9348
11961
5967
3994
5342
11967
7632
11910
7390
2746
2541
1039
5572
2112
5096
11214
3616
11529
734
8799
456
9054
9925
2593
8876
7007
3950
169
3584
4624
9065
4899
2424
9921
6408
8039
5523
7001
7452
3508
7630
6718
3419
492
9945
4548
5603
11435
8263
2736
633
9668
3455
7591
4522
5466
1839
6487
11155
3577
576
6722
9947
7983
7940
10179
317
11754
6508
479
3844
2286
8406
7369
8496
819
5604
7377
2037
217
9384
11562
10914
937
7227
9750
11999
42
6477
10129
9007
4221
438
9463
10485
4789
8843
3123
6643
11702
7213
2245
9230
6569
11067
11214
2445
6297
4583
2619
3072
2093
9478
3980
7486
4354
5953
4864
10054
4004
4681
11263
8391
5578
4039
6083
6107
6347
11953
8036
11054
6560
3577
10239
7453
7160
10016
3490
2649
7730
8807
822
11786
11866
7110
7850
1328
6883
2293
2296
2853
1373
11655
86
3391
596
215
1115
1137
2597
11163
2379
10321
8989
2325
10177
6612
1167
3369
9785
213
5330
8840
11223
6421
7381
8874
4311
2717
9728
11163
4146
9855
3784
2476
8681
3002
5902
2730
6737
8539
10902
4812
3868
1249
6047
7397
6912
4185
5315
4890
1862
904
6828
1934
5105
9607
8945
9880
10888
1384
10476
1334
1954
3383
9338
6267
10221
8956
11342
6403
4411
3357
9298
712
2698
9281
7739
11341
1518
5423
423
5495
10686
10836
4534
5212
10391
547
10850
5363
6001
4790
9213
2667
9212
1907
6
10264
8502
1931
10535
7272
10668
5820
7694
1587
9514
9429
7397
5969
4993
2393
4208
3813
340
2781
9859
5911
8383
12
10365
7872
7781
5515
9509
5054
6357
4406
3200
8199
10231
5512
7116
7899
5464
7674
3453
1458
464
8291
3729
9972
3340
5245
4305
11015
669
6184
9606
3811
10077
10312
3062
7010
4889
6410
4570
11699
4511
3876
10493
1517
4485
2905
4947
9441
9171
8060
1523
2312
3055
7788
9171
8155
11843
9406
10078
5410
7181
11545
4437
9796
9091
10170
1503
11677
9504
11927
8014
7629
1584
1441
368
4781
4212
5858
10350
861
10482
5926
4005
3961
6748
9303
11902
3978
7323
5120
8428
7064
9432
6291
162
8125
1606
7173
846
8053
4336
5559
7702
3858
6299
5360
6254
9228
1367
7398
7378
10773
8359
1724
4262
10314
2347
5413
7464
6309
8870
5863
4143
2319
6897
9242
3906
9300
6427
9967
279
431
6139
398
5830
1348
3988
2775
2346
2380
7395
7018
5460
8555
11144
11075
11531
3869
2127
2845
7332
11247
2682
10743
2009
2795
2989
9619
3817
2059
6997
2587
7725
5198
7381
4511
10322
7688
911
1049
2360
9331
6284
850
7846
2212
7816
2301
4199
3001
9469
8320
9797
1454
11146
10836
768
2990
2079
6658
3403
8678
2600
6189
7556
5558
9364
11438
8718
4993
96
7962
781
2340
5669
11105
10429
10563
2299
8975
2511
4863
3816
7509
9568
10788
11658
11394
8952
9566
10428
5994
6236
4811
2696
8457
2641
5516
11113
449
4174
10037
5244
8798
6684
5028
1219
7099
2541
11246
7925
1534
7125
2965
7494
7102
2506
7029
6766
4453
6196
8382
10488
10416
592
4380
201
4403
10567
5778
11403
377
2566
11846
6966
521
2650
5589
954
6373
7657
8327
11754
11884
9104
2269
1960
5759
6485
2983
6506
4257
7624
1458
3686
10807
8795
5503
9664
2959
2202
11150
6412
3356
7337
4345
8385
11903
9658
733
1309
2434
11367
2323
5295
2975
10801
9054
6757
4893
6102
10716
7826
9082
649
5343
2587
9220
2737
4758
9919
1665
9023
4676
10753
5998
1453
594
5907
2852
5776
8512
10081
6615
8666
6774
6263
3353
9839
2425
9295
540
8801
11354
571
1524
10
11400
4715
8602
3045
10469
11644
7277
6186
11510
2494
6354
5924
180
2271
9469
10129
5760
8409
1608
277
2868
6965
11392
5627
244
11099
9791
842
5539
11128
7187
8415
7025
1866
6782
7725
9298
5386
1879
13
3178
950
9037
6852
10917
7962
3820
6192
2435
8698
280
1006
1328
9727
8150
4619
1170
4316
7722
2692
6043
6044
1595
11773
799
6379
7571
10907
9119
2365
7139
8767
7683
6718
10115
8447
8167
2198
9686
10594
4908
3576
300
9111
9519
9065
2849
2226
4887
10664
8994
261
6216
6974
4688
2136
4788
4898
126
6020
7697
10121
4085
401
358
2121
758
1162
2463
5449